1985-01-01 00:00:00,-2,977.2,12,-999,-999
1985-01-01 12:00:00,-2,977.8,13,-999,-999
1985-01-01 13:00:00,-2,977.9,14,-999,-999
1985-01-01 14:00:00,-2,978.2,14,-999,-999
1985-01-01 15:00:00,-1.8,978.6,8,-999,-999
1985-01-01 16:00:00,-4,979,8,-999,-999
1985-01-01 17:00:00,-5.8,979.5,14,-999,-999
1985-01-01 18:00:00,-6,980,12,-999,-999
1985-01-01 19:00:00,-4,980.5,10,-999,-999
1985-01-01 20:00:00,-6,981,12,-999,-999
1985-01-01 21:00:00,-6.4,981.6,12,-999,-999
1985-01-01 22:00:00,-8,982,12,-999,-999
1985-01-01 23:00:00,-8.2,982.6,4,-999,-999
1985-01-02 00:00:00,-9.4,983,6,-999,-999
1985-01-02 01:00:00,-9.8,983.7,4,-999,-999
1985-01-02 02:00:00,-10,984.5,4,-999,-999
1985-01-02 03:00:00,-9,985,8,-999,-999
1985-01-02 04:00:00,-8,985.5,6,-999,-999
1985-01-02 05:00:00,-6.2,985.9,12,-999,-999
1985-01-02 06:00:00,-6,986.3,8,-999,-999
1985-01-02 07:00:00,-4,986.7,10,-999,-999
1985-01-02 08:00:00,-4,987,6,-999,-999
1985-01-02 09:00:00,-2,987.2,10,-999,-999
1985-01-02 10:00:00,-3,987.7,8,-999,-999
1985-01-02 11:00:00,-2.1,988,8,-999,-999
1985-01-02 12:00:00,-2.6,988,12,-999,-999
1985-01-02 13:00:00,-2.8,988.4,14,-999,-999
1985-01-02 14:00:00,-2.6,988.7,8,-999,-999
1985-01-02 15:00:00,-2,988.8,8,-999,-999
1985-01-02 16:00:00,-3.8,985.9,14,-999,-999
1985-01-02 17:00:00,-6,989,8,-999,-999
1985-01-02 18:00:00,-9,989,12,-999,-999
1985-01-02 19:00:00,-10.8,988.8,13,-999,-999
1985-01-02 20:00:00,-13.2,988.5,14,-999,-999
1985-01-02 21:00:00,-14,988.1,14,-999,-999
1985-01-02 22:00:00,-14.4,988,14,-999,-999
1985-01-02 23:00:00,-14.4,987.7,18,-999,-999
1985-01-03 00:00:00,-14.6,987,18,-999,-999
1985-01-03 01:00:00,-14,986.3,32,-999,-999
1985-01-03 02:00:00,-15,986,18,-999,-999
1985-01-03 03:00:00,-16,985.3,14,-999,-999
1985-01-03 04:00:00,-16,985,12,-999,-999
1985-01-03 05:00:00,-16,984,12,-999,-999
1985-01-03 06:00:00,-15.8,983.3,10,-999,-999
1985-01-03 07:00:00,-12.8,982.8,10,-999,-999
1985-01-03 08:00:00,-12,981.8,12,-999,-999
1985-01-03 09:00:00,-9.8,981,12,-999,-999
1985-01-03 10:00:00,-7.7,980.5,12,-999,-999
1985-01-03 14:00:00,-8,976.8,14,-999,-999
1985-01-03 15:00:00,-8,975.8,12,-999,-999
1985-01-03 16:00:00,-8,975,13,-999,-999
1985-01-03 17:00:00,-8.8,974.2,14,-999,-999
1985-01-03 18:00:00,-9.9,973.5,13,-999,-999
1985-01-03 19:00:00,-10,973,14,-999,-999
1985-01-03 20:00:00,-11,972.7,16,-999,-999
1985-01-03 21:00:00,-12,972,16,-999,-999
1985-01-03 22:00:00,-12,971.9,18,-999,-999
1985-01-03 23:00:00,-13.2,971.5,18,-999,-999
1985-01-04 00:00:00,-13.8,971.3,26,-999,-999
1985-01-04 01:00:00,-13.8,971.1,26,-999,-999
1985-01-04 02:00:00,-13.8,971,24,-999,-999
1985-01-04 03:00:00,-12.5,970.9,30,-999,-999
1985-01-04 04:00:00,-12,971,26,-999,-999
1985-01-04 05:00:00,-11.6,971.2,37,-999,-999
1985-01-04 06:00:00,-11.6,971.5,44,-999,-999
1985-01-04 07:00:00,-12,971.8,46,-999,-999
1985-01-04 08:00:00,-12,972,50,-999,-999
1985-01-04 09:00:00,-11.8,972,54,-999,-999
1985-01-04 10:00:00,-11,972,56,-999,-999
1985-01-04 11:00:00,-11,972,60,-999,-999
1985-01-04 12:00:00,-10.8,972.1,54,-999,-999
1985-01-04 13:00:00,-10.4,972.2,46,-999,-999
1985-01-04 14:00:00,-10,972.6,44,-999,-999
1985-01-04 15:00:00,-10,972.7,40,-999,-999
1985-01-04 16:00:00,-10.2,972.8,40,-999,-999
1985-01-04 17:00:00,-10.4,972.9,34,-999,-999
1985-01-04 18:00:00,-11.2,973,34,-999,-999
1985-01-04 19:00:00,-11,973,37,-999,-999
1985-01-04 20:00:00,-10.2,973.3,42,-999,-999
1985-01-04 21:00:00,-10,973.5,46,-999,-999
1985-01-04 22:00:00,-10,973.7,40,-999,-999
1985-01-04 23:00:00,-10,973.8,40,-999,-999
1985-01-05 00:00:00,-10,974.3,46,-999,-999
1985-01-05 01:00:00,-10,974.8,50,-999,-999
1985-01-05 02:00:00,-10,974.9,52,-999,-999
1985-01-05 03:00:00,-10,974.8,54,-999,-999
1985-01-05 04:00:00,-10,974.9,56,-999,-999
1985-01-05 05:00:00,-10,975,62,-999,-999
1985-01-05 15:00:00,-5,976.3,40,-999,-999
1985-01-05 16:00:00,-5.2,976.3,40,-999,-999
1985-01-05 17:00:00,-5,976.2,40,-999,-999
1985-01-05 18:00:00,-6,976.5,42,-999,-999
1985-01-05 19:00:00,-6,977,34,-999,-999
1985-01-05 20:00:00,-6.3,977,34,-999,-999
1985-01-05 21:00:00,-7,977,34,-999,-999
1985-01-05 22:00:00,-8,977.1,32,-999,-999
1985-01-05 23:00:00,-8,977.2,37,-999,-999
1985-01-06 00:00:00,-8.2,977.3,26,-999,-999
1985-01-06 01:00:00,-8.4,977.4,26,-999,-999
1985-01-06 02:00:00,-8.2,977.5,37,-999,-999
1985-01-06 03:00:00,-8,977.2,46,-999,-999
1985-01-06 04:00:00,-8,977.3,37,-999,-999
1985-01-06 05:00:00,-7,977.5,37,-999,-999
1985-01-06 06:00:00,-6,977.7,37,-999,-999
1985-01-06 07:00:00,-5.4,977.7,42,-999,-999
1985-01-06 08:00:00,-4.8,977.8,48,-999,-999
1985-01-06 09:00:00,-4,977.2,44,-999,-999
1985-01-06 10:00:00,-4,977.1,40,-999,-999
1985-01-06 11:00:00,-3.8,977,40,-999,-999
1985-01-06 12:00:00,-3.2,977,34,-999,-999
1985-01-06 13:00:00,-3.2,976.7,30,-999,-999
1985-01-06 14:00:00,-3,976.4,24,-999,-999
1985-01-06 15:00:00,-2,976.3,18,-999,-999
1985-01-06 16:00:00,-3.2,976.2,16,-999,-999
1985-01-06 17:00:00,-3.6,976,16,-999,-999
1985-01-06 18:00:00,-4.8,975.8,16,-999,-999
1985-01-06 19:00:00,-6,975.5,18,-999,-999
1985-01-06 20:00:00,-7.7,975,18,-999,-999
1985-01-06 21:00:00,-9.6,974.8,18,-999,-999
1985-01-06 22:00:00,-10.3,974.5,18,-999,-999
1985-01-06 23:00:00,-12,974,14,-999,-999
1985-01-07 00:00:00,-12,973.7,14,-999,-999
1985-01-07 01:00:00,-12,973,14,-999,-999
1985-01-07 02:00:00,-12,972.6,13,-999,-999
1985-01-07 03:00:00,-10.8,972.3,12,-999,-999
1985-01-07 04:00:00,-10,972.1,10,-999,-999
1985-01-07 05:00:00,-10,972,12,-999,-999
1985-01-07 06:00:00,-8,971.5,16,-999,-999
1985-01-07 07:00:00,-7.2,971.5,18,-999,-999
1985-01-07 08:00:00,-6,971.5,12,-999,-999
1985-01-07 09:00:00,-4,971,14,-999,-999
1985-01-07 10:00:00,-4,971,24,-999,-999
1985-01-07 11:00:00,-3.8,971,22,-999,-999
1985-01-07 13:00:00,-2.2,970.8,14,-999,-999
1985-01-07 14:00:00,-2.4,970.6,12,-999,-999
1985-01-07 15:00:00,-4,970.3,10,-999,-999
1985-01-07 16:00:00,-4,970.3,12,-999,-999
1985-01-07 17:00:00,-5.2,970.3,12,-999,-999
1985-01-07 18:00:00,-6.4,970.4,12,-999,-999
1985-01-07 19:00:00,-6,970.4,10,-999,-999
1985-01-07 20:00:00,-8.2,970.3,10,-999,-999
1985-01-07 21:00:00,-12,970.3,12,-999,-999
1985-01-07 22:00:00,-14,970.7,12,-999,-999
1985-01-07 23:00:00,-14,970.5,12,-999,-999
1985-01-08 00:00:00,-12.7,970.7,12,-999,-999
1985-01-08 01:00:00,-14,970.8,12,-999,-999
1985-01-08 02:00:00,-12,971.2,12,-999,-999
1985-01-08 03:00:00,-12.6,971.3,12,-999,-999
1985-01-08 04:00:00,-10.2,971.8,18,-999,-999
1985-01-08 05:00:00,-10,972,22,-999,-999
1985-01-08 06:00:00,-9,972.2,18,-999,-999
1985-01-08 07:00:00,-8,972.8,24,-999,-999
1985-01-08 08:00:00,-7.4,973,22,-999,-999
1985-01-08 09:00:00,-7.8,973,22,-999,-999
1985-01-08 10:00:00,-6.6,973.4,37,-999,-999
1985-01-08 11:00:00,-6.5,973.8,37,-999,-999
1985-01-08 12:00:00,-6.2,974,34,-999,-999
1985-01-08 13:00:00,-6,974.2,37,-999,-999
1985-01-08 14:00:00,-6,974.7,34,-999,-999
1985-01-08 15:00:00,-6,974.8,30,-999,-999
1985-01-08 16:00:00,-5.8,975,28,-999,-999
1985-01-08 17:00:00,-6,975.3,34,-999,-999
1985-01-08 18:00:00,-6.2,975.8,34,-999,-999
1985-01-08 19:00:00,-6.8,976,34,-999,-999
1985-01-08 20:00:00,-6.8,976.2,32,-999,-999
1985-01-08 21:00:00,-7,976.3,26,-999,-999
1985-01-08 22:00:00,-7,976.4,30,-999,-999
1985-01-08 23:00:00,-7.4,976.4,30,-999,-999
1985-01-09 00:00:00,-8,976.3,32,-999,-999
1985-01-09 01:00:00,-7.8,976.3,22,-999,-999
1985-01-09 02:00:00,-8,976.5,24,-999,-999
1985-01-09 03:00:00,-8,976.6,32,-999,-999
1985-01-09 04:00:00,-8,976.8,28,-999,-999
1985-01-09 05:00:00,-7.2,977,30,-999,-999
1985-01-09 06:00:00,-6.8,977,32,-999,-999
1985-01-09 07:00:00,-6.6,977,34,-999,-999
1985-01-09 08:00:00,-6,976.9,30,-999,-999
1985-01-09 09:00:00,-6,976.8,30,-999,-999
1985-01-09 18:00:00,-1.2,982.4,60,-999,-999
1985-01-09 19:00:00,-1.4,982.6,30,-999,-999
1985-01-09 20:00:00,-1.5,982.8,110,-999,-999
1985-01-09 21:00:00,-1.5,983,80,-999,-999
1985-01-09 22:00:00,-2,984,90,-999,-999
1985-01-09 23:00:00,-2,984.5,80,-999,-999
1985-01-10 00:00:00,-2,985,90,-999,-999
1985-01-10 01:00:00,-1.9,985.9,80,-999,-999
1985-01-10 02:00:00,-2,986.5,70,-999,-999
1985-01-10 03:00:00,-2.4,986.9,70,-999,-999
1985-01-10 04:00:00,-2,966.7,32,-999,-999
1985-01-10 05:00:00,-1.7,966.2,28,-999,-999
1985-01-10 06:00:00,-1.9,966,34,-999,-999
1985-01-10 07:00:00,-1.8,987.8,80,-999,-999
1985-01-10 08:00:00,-1.5,987.9,80,-999,-999
1985-01-10 09:00:00,-1.4,987.9,80,-999,-999
1985-01-10 10:00:00,-1,987.9,85,-999,-999
1985-01-10 11:00:00,-1,988,80,-999,-999
1985-01-10 12:00:00,-1,987.9,75,-999,-999
1985-01-10 13:00:00,-0.7,987.9,65,-999,-999
1985-01-10 14:00:00,-0.7,987.8,60,-999,-999
1985-01-10 15:00:00,-0.8,987.4,60,-999,-999
1985-01-10 16:00:00,-0.9,987.4,50,-999,-999
1985-01-10 17:00:00,-1.2,987.3,40,-999,-999
1985-01-10 18:00:00,-1.7,987,20,-999,-999
1985-01-10 19:00:00,-2.7,987,20,-999,-999
1985-01-10 20:00:00,-3.7,987,20,-999,-999
1985-01-10 21:00:00,-3.7,987,30,-999,-999
1985-01-10 22:00:00,-4.3,987,30,-999,-999
1985-01-10 23:00:00,-4.9,987,20,-999,-999
1985-01-11 00:00:00,-6.2,987,30,-999,-999
1985-01-11 01:00:00,-7,987,30,-999,-999
1985-01-11 02:00:00,-7,986.9,40,-999,-999
1985-01-11 03:00:00,-6.2,986.9,50,-999,-999
1985-01-11 04:00:00,-5.5,986.9,60,-999,-999
1985-01-11 05:00:00,-5.5,986.9,55,-999,-999
1985-01-11 06:00:00,-3.5,986.8,58,-999,-999
1985-01-11 07:00:00,-2.9,986.8,55,-999,-999
1985-01-11 08:00:00,-2.4,986.9,55,-999,-999
1985-01-11 09:00:00,-1.4,986.9,40,-999,-999
1985-01-11 10:00:00,-0.4,986.9,40,-999,-999
1985-01-11 11:00:00,0.5,986.9,35,-999,-999
1985-01-11 12:00:00,1.9,986.9,35,-999,-999
1985-01-11 13:00:00,1.8,986.9,35,-999,-999
1985-01-11 14:00:00,1.4,986.8,35,-999,-999
1985-01-11 15:00:00,0.9,986.7,30,-999,-999
1985-01-11 16:00:00,1.4,986.6,20,-999,-999
1985-01-11 17:00:00,0,986.7,15,-999,-999
1985-01-11 18:00:00,-1,986.8,15,-999,-999
1985-01-11 19:00:00,-1.8,986.8,10,-999,-999
1985-01-11 20:00:00,-3,986.9,10,-999,-999
1985-01-11 21:00:00,-4.2,986.9,10,-999,-999
1985-01-11 22:00:00,-4.8,981.5,42,-999,-999
1985-01-11 23:00:00,-4.8,982,44,-999,-999
1985-01-12 00:00:00,-5.2,982.7,38,-999,-999
1985-01-12 01:00:00,-5.2,983,37,-999,-999
1985-01-12 02:00:00,-5.4,983.5,40,-999,-999
1985-01-12 03:00:00,-6,984,37,-999,-999
1985-01-12 04:00:00,-6.3,984.3,40,-999,-999
1985-01-12 05:00:00,-7,984.7,42,-999,-999
1985-01-12 06:00:00,-6.5,985.7,6,-999,-999
1985-01-12 07:00:00,-4.9,985.2,6,-999,-999
1985-01-12 08:00:00,-3.6,985.1,6,-999,-999
1985-01-12 09:00:00,-1.7,985,6,-999,-999
1985-01-12 10:00:00,-1.5,985,6,-999,-999
1985-01-12 11:00:00,-1,984.9,6,-999,-999
1985-01-12 12:00:00,-0.5,984.8,6,-999,-999
1985-01-12 13:00:00,-0.4,984.6,6,-999,-999
1985-01-12 14:00:00,-0.4,984.3,6,-999,-999
1985-01-12 15:00:00,-0.7,984,6,-999,-999
1985-01-12 16:00:00,-0.5,983.9,6,-999,-999
1985-01-12 17:00:00,-0.5,983.9,6,-999,-999
1985-01-12 18:00:00,-1.4,983.8,6,-999,-999
1985-01-12 19:00:00,-3,983.7,6,-999,-999
1985-01-12 20:00:00,-3.8,983.6,6,-999,-999
1985-01-12 21:00:00,-4.5,983.4,6,-999,-999
1985-01-12 22:00:00,-6.7,983.4,6,-999,-999
1985-01-12 23:00:00,-7.3,983.4,6,-999,-999
1985-01-13 00:00:00,-9.2,983.4,6,-999,-999
1985-01-13 01:00:00,-10.6,983.4,19,-999,-999
1985-01-13 02:00:00,-8.6,983.6,22,-999,-999
1985-01-13 03:00:00,-10.1,983.8,35,-999,-999
1985-01-13 04:00:00,-8.8,984,35,-999,-999
1985-01-13 05:00:00,-8.8,984.6,40,-999,-999
1985-01-13 06:00:00,-6.6,985.2,42,-999,-999
1985-01-13 07:00:00,-5.5,985.7,40,-999,-999
1985-
2016-12-01 10:00:00,3.6,974.1,21,128,45
2016-12-01 11:00:00,4.1,974.6,25,107,44
2016-12-01 12:00:00,3.4,975.1,24.2,105,50
2016-12-01 13:00:00,3.4,975.8,25.7,112,50
2016-12-01 14:00:00,3.3,976.2,20.3,111,52
2016-12-01 15:00:00,3.6,976.3,21.3,101,50
2016-12-01 16:00:00,3.8,976.6,21.9,103,46
2016-12-01 17:00:00,3.6,977,25.5,105,48
2016-12-01 18:00:00,2.7,977.5,24.2,108,53
2016-12-01 19:00:00,2,977.8,23.7,113,58
2016-12-01 20:00:00,1.5,978.5,21.4,116,61
2016-12-01 21:00:00,1.3,979,19.9,115,62
2016-12-01 22:00:00,0.6,979.3,19.8,114,69
2016-12-01 23:00:00,0,979.5,23,127,75
2016-12-02 00:00:00,0.2,979.1,26.1,132,69
2016-12-02 01:00:00,0.9,978.7,23.8,136,60
2016-12-02 02:00:00,1.3,978.6,20.1,127,57
2016-12-02 03:00:00,0.9,978.9,17.8,109,59
2016-12-02 04:00:00,0.4,978.6,16.2,112,60
2016-12-02 05:00:00,0.8,978.1,21.4,95,57
2016-12-02 06:00:00,1.2,977.4,22.9,119,55
2016-12-02 07:00:00,0.9,977.7,20.2,105,60
2016-12-02 08:00:00,0.8,977.3,16.6,101,61
2016-12-02 09:00:00,1.5,976.7,27.8,113,52
2016-12-02 10:00:00,1.3,976.8,26.3,96,52
2016-12-02 11:00:00,1.5,976.6,24.8,89,55
2016-12-02 12:00:00,1.5,976,26,94,49
2016-12-02 13:00:00,1.6,975.6,27.3,92,46
2016-12-02 14:00:00,1.8,975.3,24.4,98,49
2016-12-02 15:00:00,1.9,974.9,27.8,88,46
2016-12-02 16:00:00,1.8,974.8,24.1,81,52
2016-12-02 17:00:00,1.4,974.7,19.9,90,53
2016-12-02 18:00:00,0.9,974.5,18.5,79,60
2016-12-02 19:00:00,0.8,974.4,18.5,104,53
2016-12-02 20:00:00,0.5,974.5,16.1,110,55
2016-12-02 21:00:00,0.1,974.7,16.4,61,59
2016-12-02 22:00:00,-0.8,974.9,12.8,59,63
2016-12-02 23:00:00,-1.5,975.4,15.4,96,60
2016-12-03 00:00:00,-1.2,975.6,21.4,100,56
2016-12-03 01:00:00,-1.3,976,20.3,98,56
2016-12-03 02:00:00,-1.2,976.4,20,103,54
2016-12-03 03:00:00,-1,976.4,19.1,109,51
2016-12-03 04:00:00,-0.8,976.6,17,97,53
2016-12-03 05:00:00,-1.2,976.8,15.7,38,59
2016-12-03 06:00:00,-1.8,977.6,16,51,58
2016-12-03 07:00:00,-0.3,977.6,12.7,42,54
2016-12-03 08:00:00,1.8,977.7,17.6,74,49
2016-12-03 09:00:00,2.5,977.7,24,93,40
2016-12-03 10:00:00,2.9,977.5,25,99,38
2016-12-03 11:00:00,3.3,977.4,25.6,90,38
2016-12-03 12:00:00,3.8,977.1,25.4,85,35
2016-12-03 13:00:00,4.5,976.8,19.1,75,39
2016-12-03 14:00:00,4.4,976.5,21.2,81,39
2016-12-03 15:00:00,4.2,976.1,22.1,93,38
2016-12-03 16:00:00,3.6,976,19.9,90,38
2016-12-03 17:00:00,3.1,975.7,16.5,139,50
2016-12-03 18:00:00,2.8,975.4,14.9,116,46
2016-12-03 19:00:00,2.7,975.5,16,95,43
2016-12-03 20:00:00,2.4,975.2,13.8,118,46
2016-12-03 21:00:00,1.6,975.1,16.2,122,49
2016-12-03 22:00:00,1.7,974.9,20.2,114,41
2016-12-03 23:00:00,1.6,974.8,20.1,115,39
2016-12-04 00:00:00,1.6,974.5,19.7,119,40
2016-12-04 01:00:00,1.3,973.7,25.8,157,38
2016-12-04 02:00:00,0.9,974,27.6,155,38
2016-12-04 03:00:00,1,974,26.3,157,35
2016-12-04 04:00:00,0.7,974,27.4,155,35
2016-12-04 05:00:00,1.9,974.4,22.7,133,34
2016-12-04 06:00:00,2.4,974.6,17.2,130,30
2016-12-04 07:00:00,2.7,973.9,14,173,42
2016-12-04 08:00:00,3.1,974.2,14.3,118,41
2016-12-04 09:00:00,2.8,974.5,17.8,123,31
2016-12-04 10:00:00,3,974.2,15.9,107,33
2016-12-04 11:00:00,3.3,974,13.6,122,29
2016-12-04 12:00:00,2.9,973.8,11.7,152,35
2016-12-04 13:00:00,3.1,973.4,13.5,155,34
2016-12-04 14:00:00,3.2,973.1,9.2,178,37
2016-12-04 15:00:00,3.7,972.7,7.9,207,36
2016-12-04 16:00:00,4,972.6,15.4,346,38
2016-12-04 17:00:00,3.3,972.6,10.7,353,35
2016-12-04 18:00:00,3.5,972.5,10,207,35
2016-12-04 19:00:00,3.2,972.7,10.2,211,45
2016-12-04 20:00:00,1.7,973,17.4,187,56
2016-12-04 21:00:00,2.4,973.3,17.6,154,46
2016-12-04 22:00:00,1.4,973.5,21.8,149,46
2016-12-04 23:00:00,1.2,973.7,20.5,146,41
2016-12-05 00:00:00,0.6,973.9,18.2,168,39
2016-12-05 01:00:00,0.5,974.4,26.8,153,41
2016-12-05 02:00:00,-0.1,974.8,26.9,150,42
2016-12-05 03:00:00,-0.1,975.1,21.8,152,43
2016-12-05 04:00:00,0.2,975.6,22.5,138,39
2016-12-05 05:00:00,0.2,975.7,25.3,138,38
2016-12-05 06:00:00,0.7,975.9,22.6,140,39
2016-12-05 07:00:00,1.6,976,22.5,133,35
2016-12-05 08:00:00,2.3,976,24.4,131,36
2016-12-05 09:00:00,2.7,975.8,21.5,156,41
2016-12-05 10:00:00,3,975.6,19.4,144,44
2016-12-05 11:00:00,4.3,975.7,17.7,112,39
2016-12-05 12:00:00,4.3,976.1,20.6,114,39
2016-12-05 13:00:00,4.3,976.2,20.8,100,34
2016-12-05 14:00:00,4.1,976.1,18.3,120,38
2016-12-05 15:00:00,3.3,976.6,19.4,66,45
2016-12-05 16:00:00,2.9,976.4,20,83,43
2016-12-05 17:00:00,2.2,976.6,11.4,77,50
2016-12-05 18:00:00,1.2,976.6,15,66,50
2016-12-05 19:00:00,1.2,976.6,11.1,273,53
2016-12-05 20:00:00,1.3,976.6,6.7,353,51
2016-12-05 21:00:00,0.8,976.8,19.2,114,47
2016-12-05 22:00:00,0.1,976.2,21.1,128,37
2016-12-05 23:00:00,-0.4,975.6,27.4,146,35
2016-12-06 00:00:00,-1.9,975.7,28.8,163,38
2016-12-06 01:00:00,-2.1,975.4,31.1,163,38
2016-12-06 02:00:00,-1.9,975.1,30.5,153,37
2016-12-06 03:00:00,-2,975.1,27.3,152,42
2016-12-06 04:00:00,-2.1,975.2,27.6,152,44
2016-12-06 05:00:00,-0.8,975.7,18.5,101,44
2016-12-06 06:00:00,-0.4,975.5,16,115,43
2016-12-06 07:00:00,0.4,974.7,21.7,124,38
2016-12-06 08:00:00,1.3,974.1,22.7,132,35
2016-12-06 09:00:00,2,973.1,23.5,127,36
2016-12-06 10:00:00,2.4,972.7,24.3,117,36
2016-12-06 11:00:00,2.9,972,22.9,117,37
2016-12-06 12:00:00,3,971.7,19.6,93,37
2016-12-06 13:00:00,4.7,971,19.3,75,31
2016-12-06 14:00:00,3.4,970.8,17.2,67,34
2016-12-06 15:00:00,2.9,970.4,11.2,350,38
2016-12-06 16:00:00,2.1,970.3,13,45,42
2016-12-06 17:00:00,1.7,970.1,14.4,132,41
2016-12-06 18:00:00,1.6,969.9,12.9,116,39
2016-12-06 19:00:00,1.4,969.8,14.8,123,42
2016-12-06 20:00:00,1,969.8,15.6,113,48
2016-12-06 21:00:00,-0.2,969.9,17.4,113,53
2016-12-06 22:00:00,-0.7,969.8,17.9,114,54
2016-12-06 23:00:00,-0.8,969.8,17.5,109,52
2016-12-07 00:00:00,-1.4,969.7,16.2,106,56
2016-12-07 01:00:00,-1.5,969.7,17.3,104,54
2016-12-07 02:00:00,-1.5,969.8,20.6,106,58
2016-12-07 03:00:00,-1.5,970,23.6,92,58
2016-12-07 04:00:00,-1.5,970.3,27.3,101,59
2016-12-07 05:00:00,-1.5,970.4,20,105,58
2016-12-07 06:00:00,-1.1,970.4,22.1,106,57
2016-12-07 07:00:00,-0.9,970.6,23,101,58
2016-12-07 08:00:00,-1,971,20.9,97,60
2016-12-07 09:00:00,-1,971.3,27,83,60
2016-12-07 10:00:00,-1.7,971.4,27.5,96,65
2016-12-07 11:00:00,-0.9,971.1,25.3,93,61
2016-12-07 12:00:00,-0.5,971,24,96,59
2016-12-07 13:00:00,0.2,971.3,23.6,89,60
2016-12-07 14:00:00,0.6,971.2,25.6,84,54
2016-12-07 15:00:00,1,970.8,20.2,103,50
2016-12-07 16:00:00,1.3,970.8,22.4,101,50
2016-12-07 17:00:00,1.1,971,23,83,53
2016-12-07 18:00:00,0.4,971.3,19.9,102,57
2016-12-07 19:00:00,-0.2,971.7,21.6,110,57
2016-12-07 20:00:00,-0.5,972.1,21.8,107,59
2016-12-07 21:00:00,-1,972.3,19.2,114,60
2016-12-07 22:00:00,-1.1,972.4,19.1,109,57
2016-12-07 23:00:00,-1.2,972.3,18.9,121,55
2016-12-08 00:00:00,-1.4,972.4,18.8,112,56
2016-12-08 01:00:00,-1.5,972.6,21.8,114,54
2016-12-08 02:00:00,-1.7,972.6,21.3,113,54
2016-12-08 03:00:00,-1.5,972.7,23.3,116,52
2016-12-08 04:00:00,-1.1,972.7,20.8,108,50
2016-12-08 05:00:00,-0.5,972.7,19.7,103,47
2016-12-08 06:00:00,0,972.8,17.9,106,45
2016-12-08 07:00:00,0.7,972.8,23.5,94,43
2016-12-08 08:00:00,1.2,973,21.8,91,42
2016-12-08 09:00:00,1.1,973,24.9,91,40
2016-12-08 10:00:00,1.7,972.8,18.9,66,44
2016-12-08 11:00:00,2.5,972.5,18.8,69,43
2016-12-08 12:00:00,2.3,972.5,15.5,65,46
2016-12-08 13:00:00,2.7,972.3,18.5,57,47
2016-12-08 14:00:00,2.3,972.1,17,33,47
2016-12-08 15:00:00,1.2,972.1,14.7,35,55
2016-12-08 16:00:00,0.9,971.8,11.6,22,57
2016-12-08 17:00:00,0.4,971.6,14.3,354,63
2016-12-08 18:00:00,-0.4,971.8,14.9,4,67
2016-12-08 19:00:00,-1.3,972.3,15.8,8,73
2016-12-08 20:00:00,-1.7,972.6,17.3,75,69
2016-12-08 21:00:00,-1.9,972.5,14.9,89,61
2016-12-08 22:00:00,-2.1,972.4,13.2,103,59
2016-12-08 23:00:00,-2.1,972.3,14,151,60
2016-12-09 00:00:00,-2.3,972.1,12.7,169,61
2016-12-09 01:00:00,-2.1,971.5,9.8,110,58
2016-12-09 02:00:00,-2.1,971.3,6.1,52,59
2016-12-09 03:00:00,-2.2,971.2,10.7,55,61
2016-12-09 04:00:00,-2.4,971.2,9.8,11,56
2016-12-09 05:00:00,-2,971.1,9.8,351,55
2016-12-09 06:00:00,-0.8,971,10.9,42,52
2016-12-09 07:00:00,0.8,970.7,20.2,80,42
2016-12-09 08:00:00,2.1,970.5,15.1,23,47
2016-12-09 09:00:00,1,970.5,16.4,342,57
2016-12-09 10:00:00,1.4,970.5,14.1,15,45
2016-12-09 11:00:00,2.2,970.5,13.4,5,43
2016-12-09 12:00:00,2.7,970.6,7.9,82,44
2016-12-09 13:00:00,1.3,970.6,13.2,146,46
2016-12-09 14:00:00,1.5,970.2,9.3,190,45
2016-12-09 15:00:00,3.1,970,12.6,4,40
2016-12-09 16:00:00,2.8,969.8,13.7,356,42
2016-12-09 17:00:00,2.7,969.6,10.3,239,43
2016-12-09 18:00:00,2.9,969.6,12.6,222,48
2016-12-09 19:00:00,2.5,969.3,16.7,183,54
2016-12-09 20:00:00,1.3,969.3,18.4,181,55
2016-12-09 21:00:00,1,969.8,12.5,123,51
2016-12-09 22:00:00,-0.4,969.7,22.9,183,51
2016-12-09 23:00:00,-0.3,969.8,15.7,179,48
2016-12-10 00:00:00,-0.9,969.8,19.9,185,52
2016-12-10 01:00:00,-1.4,969.7,25.2,183,49
2016-12-10 02:00:00,-1.7,969.7,26.5,182,44
2016-12-10 03:00:00,-1.6,969.9,24.6,181,44
2016-12-10 04:00:00,-0.5,970.1,25.4,174,41
2016-12-10 05:00:00,0.8,970.3,23.7,171,37
2016-12-10 06:00:00,1.1,970.8,22.2,173,43
2016-12-10 07:00:00,2.1,971.4,20.4,164,41
2016-12-10 08:00:00,3.7,971.8,15.7,127,34
2016-12-10 09:00:00,3.5,972.2,16.6,137,38
2016-12-10 10:00:00,5.2,972.4,14.1,27,30
2016-12-10 11:00:00,4.9,972.3,13.9,357,30
2016-12-10 12:00:00,5,972.4,14.2,4,28
2016-12-10 13:00:00,4.3,972.4,13.9,336,32
2016-12-10 14:00:00,4.2,972.4,13.8,318,32
2016-12-10 15:00:00,3.7,972.4,14.6,324,32
2016-12-10 16:00:00,3.8,972.3,15.2,269,39
2016-12-10 17:00:00,2.3,972.2,19.2,320,39
2016-12-10 18:00:00,1.8,972,20,312,36
2016-12-10 19:00:00,1.2,971.9,20.3,301,42
2016-12-10 20:00:00,1,971.8,16.8,310,50
2016-12-10 21:00:00,0.8,972,10.5,114,59
2016-12-10 22:00:00,-0.1,972.1,11.5,107,62
2016-12-10 23:00:00,-1.1,972.3,11.3,149,65
2016-12-11 00:00:00,-1,972.1,13.6,169,60
2016-12-11 01:00:00,-1.3,972.1,15.9,168,59
2016-12-11 02:00:00,-1.4,972.1,15.1,99,64
2016-12-11 03:00:00,-1,972.1,15.3,121,62
2016-12-11 04:00:00,-0.8,972.4,13.4,82,54
2016-12-11 05:00:00,-0.4,972.3,13.9,77,55
2016-12-11 06:00:00,0.9,972.5,12.3,52,51
2016-12-11 07:00:00,2.2,972.6,16,70,51
2016-12-11 08:00:00,1.2,972.8,12.3,1,61
2016-12-11 09:00:00,1.5,972.9,13.2,0,57
2016-12-11 10:00:00,2,973.1,12.2,35,54
2016-12-11 11:00:00,2.4,973.3,15.3,25,45
2016-12-11 12:00:00,2.7,973.4,11.7,63,44
2016-12-11 13:00:00,3.6,973.6,13.4,76,34
2016-12-11 14:00:00,1.2,973.5,13.6,148,47
2016-12-11 15:00:00,1.2,973.2,13.9,155,47
2016-12-11 16:00:00,0.7,973,13.3,157,53
2016-12-11 17:00:00,0.9,972.9,8.5,19,55
2016-12-11 18:00:00,0.2,972.9,13.1,352,60
2016-12-11 19:00:00,-0.3,972.7,10.4,49,56
2016-12-11 20:00:00,-0.7,972.9,10.8,63,59
2016-12-11 21:00:00,-1,973,9,90,58
2016-12-11 22:00:00,-1.5,973.1,11.3,141,63
2016-12-11 23:00:00,-2,973.3,11,82,74
2016-12-12 00:00:00,-2.2,973.5,10.1,118,67
2016-12-12 01:00:00,-2,973.6,18,164,61
2016-12-12 02:00:00,-1.5,973.9,18.2,154,60
2016-12-12 03:00:00,-0.7,974,13.6,94,50
2016-12-12 04:00:00,-1.1,974.1,13.1,104,53
2016-12-12 05:00:00,-0.2,974.3,19.2,160,45
2016-12-12 06:00:00,1,974.8,18.1,111,45
2016-12-12 07:00:00,1.9,974.8,19.8,122,41
2016-12-12 08:00:00,2.3,975.5,19.1,114,43
2016-12-12 09:00:00,2.8,976.1,18.7,97,41
2016-12-12 10:00:00,3.2,976.5,17.7,126,41
2016-12-12 11:00:00,4.3,976.9,18.3,19,41
2016-12-12 12:00:00,3.4,977.3,13.6,357,40
2016-12-12 13:00:00,3.3,977.2,10.3,260,43
2016-12-12 14:00:00,2.9,977,14.4,236,45
2016-12-12 15:00:00,3.3,976.9,9.8,238,42
2016-12-12 16:00:00,3.9,977,10.7,242,44
2016-12-12 17:00:00,2.6,977.3,12.2,151,60
2016-12-12 18:00:00,2.9,977.3,8.4,101,54
2016-12-12 19:00:00,2.1,977.5,9.8,351,62
2016-12-12 20:00:00,1.4,977.5,8.7,320,63
2016-12-12 21:00:00,1.7,977.6,12.5,94,59
2016-12-12 22:00:00,1.1,977.7,10.2,113,55
2016-12-12 23:00:00,0.7,977.8,19.1,183,45
2016-12-13 00:00:00,0.9,977.5,20.4,176,37
2016-12-13 01:00:00,-1.5,977.1,26.8,183,46
2016-12-13 02:00:00,-1.5,977,23.8,192,52
2016-12-13 03:00:00,-0.8,976.8,23.5,182,46
2016-12-13 04:00:00,-0.6,976.6,26.5,183,42
2016-12-13 05:00:00,0.8,977.2,12,171,39
2016-12-13 06:00:00,1.9,977.1,14.2,186,41
2016-12-13 07:00:00,2.9,976.9,13.4,151,42
2016-12-13 08:00:00,4.2,977,7.3,78,37
2016-12-13 09:00:00,4.4,977,13.9,143,45
2016-12-13 10:00:00,5.1,977.2,5.1,58,33
2016-12-13 11:00:00,5.7,977.5,12,118,35
2016-12-13 12:00:00,5.8,977.2,24.3,100,31
2016-12-13 13:00:00,5.8,977.3,18.3,119,41
2016-12-13 14:00:00,5.8,977.2,18.1,107,38
2016-12-13 15:00:00,6.2,977.1,17.8,74,40
2016-12-13 16:00:00,5.9,976.8,12,131,45
2016-12-13 17:00:00,4.9,976.8,2.5,27,45
2016-12-13 18:00:00,5.3,976.4,19.3,133,34
2016-12-13 19:00:00,4.8,976.1,23.2,133,34
2016-12-13 20:00:00,3.5,976.3,23,143,35
2016-12-13 21:00:00,3,976.3,23.2,149,37
2016-12-13 22:00:00,2.2,976.2,24.4,157,35
2016-12-13 23:00:00,1.6,976,25.7,169,35
2016-12-14 00:00:00,1.1,975.5,29.7,169,34
2016-12-14 01:00:00,0.5,975.4,31.4,165,37
2016-12-14 02:00:00,0.7,975.4,30.6,164,32
2016-12-14 03:00:00,0.8,975.1,27.4,165,37
2016-12-14 04:00:00,0.9,975.2,31.5,153,38
2016-12-14 05:00:00,0.9,975.2,32,158,36
2016-12-14 06:00:00,2.3,975.7,24,148,43
2016-12-14 07:00:00,3.3,975.7,17.8,109,36
2016-12-14 08:00:00,3.8,975.4,24,114,34
2016-12-14 09:00:00,4.7,975.6,23.7,113,33
2016-12-14 10:00:00,5.2,975.4,22.3,106,34
2016-12-14 11:00:00,5.3,975.3,25.3,97,33
2016-12-14 12:00:00,5.3,975.2,24.2,100,35
2016-12-14 13:00:00,5.6,975.4,21.8,96,37
2016-12-14 14:00:00,5.2,975.4,20.5,68,44
2016-12-14 15:00:00,5.1,975.4,15,86,40
2016-12-14 16:00:00,3.3,975.6,18.4,29,44
2016-12-14 17:00:00,3,975.4,13,157,43
2016-12-14 18:00:00,2.6,975.5,7.4,164,44
2016-12-14 19:00:00,2.8,975.9,10.3,148,44
2016-12-14 20:00:00,2.1,976.2,12.7,126,46
2016-12-14 21:00:00,1.9,976.1,15,112,48
2016-12-14 22:00:00,0.9,975.7,24.6,132,47
2016-12-14 23:00:00,0.7,975.9,26.1,130,41
2016-12-15 00:00:00,0.4,976.1,28.4,137,38
2016-12-15 01:00:00,-0.3,976.6,28.7,148,43
2016-12-15 02:00:00,-0.5,976.4,30.8,149,42
2016-12-15 03:00:00,-0.6,976.6,30.1,159,37
2016-12-15 04:00:00,-0.5,976.9,26.5,164,40
2016-12-15 05:00:00,-0.2,977.2,30.5,155,38
2016-12-15 06:00:00,0.3,977.9,24.9,154,42
2016-12-15 07:00:00,1.3,978.5,24,137,40
2016-12-15 08:00:00,2.1,978.8,26.9,137,32
2016-12-15 09:00:00,2.3,978.6,30.1,137,37
2016-12-15 10:00:00,2.7,978.9,23.1,125,39
2016-12-15 11:00:00,3.3,979.5,23.2,105,38
2016-12-15 12:00:00,3.9,979.8,21.9,100,34
2016-12-15 13:00:00,4,980.2,20.2,95,36
2016-12-15 14:00:00,4.9,980.6,19.3,82,36
2016-12-15 15:00:00,3.5,980.3,14.9,133,45
2016-12-15 16:00:00,2.9,980.1,17,149,51
2016-12-15 17:00:00,3,980.2,16.2,145,51
2016-12-15 18:00:00,3.3,980.2,17.7,136,43
2016-12-15 19:00:00,2.8,980.3,19.7,148,41
2016-12-15 20:00:00,2.3,980.2,19.9,165,51
2016-12-15 21:00:00,1.9,980.1,21.8,164,52
2016-12-15 22:00:00,0.7,980,23,172,45
2016-12-15 23:00:00,0.1,979.8,24.3,172,44
2016-12-16 00:00:00,0.4,979.8,25.1,169,44
2016-12-16 01:00:00,0.5,979.6,30.6,158,38
2016-12-16 02:00:00,0.4,979.1,31.5,165,38
2016-12-16 03:00:00,0.4,978.9,32.6,163,36
2016-12-16 04:00:00,0.3,979.1,31.7,162,37
2016-12-16 05:00:00,-0.2,979.1,33.5,161,39
2016-12-16 06:00:00,-0.2,979.2,30.7,162,44
2016-12-16 07:00:00,0.6,979.8,27.5,160,45
2016-12-16 08:00:00,1.7,980.1,23.1,136,38
2016-12-16 09:00:00,2.1,980.1,24.5,130,35
2016-12-16 10:00:00,2.5,980.1,21.7,109,32
2016-12-16 11:00:00,3.3,979.5,20.8,105,34
2016-12-16 12:00:00,3.3,979.1,20.1,97,39
2016-12-16 13:00:00,4,978.9,26.4,96,28
2016-12-16 14:00:00,3.3,978.5,20.8,104,43
2016-12-16 15:00:00,3,978.1,20.3,111,41
2016-12-16 16:00:00,3.1,977.5,18,114,42
2016-12-16 17:00:00,3,977.3,17.1,117,41
2016-12-16 18:00:00,2.6,976.8,13.8,148,47
2016-12-16 19:00:00,2,976.3,14.9,183,48
2016-12-16 20:00:00,1.3,976.4,15.8,148,52
2016-12-16 21:00:00,0.6,976.2,17.9,144,55
2016-12-16 22:00:00,-0.2,975.4,21.7,152,51
2016-12-16 23:00:00,-0.2,975.2,20.5,148,46
2016-12-17 00:00:00,-0.2,975,19.8,165,42
2016-12-17 01:00:00,-1.2,974.5,25.6,176,43
2016-12-17 02:00:00,-2,974.3,27.3,177,45
2016-12-17 03:00:00,-1.2,974.1,25.7,174,42
2016-12-17 04:00:00,-0.3,973.9,30.5,170,38
2016-12-17 05:00:00,-0.2,974.4,23.4,166,47
2016-12-17 06:00:00,0.4,974.8,23.9,148,47
2016-12-17 07:00:00,1.2,975.1,25,150,39
2016-12-17 08:00:00,2.4,975.4,18.4,127,39
2016-12-17 09:00:00,2.7,975.1,20.6,112,34
2016-12-17 10:00:00,3,974.9,22.1,102,32
2016-12-17 11:00:00,3.5,974.6,23.1,87,36
2016-12-17 12:00:00,3.9,974.5,20.8,105,34
2016-12-17 13:00:00,4.5,974.8,18.7,86,38
2016-12-17 14:00:00,4,974.9,22.9,76,38
2016-12-17 15:00:00,3.3,974.8,18.9,64,44
2016-12-17 16:00:00,2.5,974.8,19.3,67,47
2016-12-17 17:00:00,2.2,975.1,19.4,77,46
2016-12-17 18:00:00,1.9,975.4,16.9,96,49
2016-12-17 19:00:00,1.3,975.6,12.8,119,55
2016-12-17 20:00:00,0.9,975.9,15.7,129,54
2016-12-17 21:00:00,0.2,975.9,15.2,144,56
2016-12-17 22:00:00,-0.4,975.8,16.8,140,58
2016-12-17 23:00:00,-0.6,975.8,17.1,138,56
2016-12-18 00:00:00,-0.7,976.2,16.8,131,52
2016-12-18 01:00:00,-0.8,976.2,19.3,114,52
2016-12-18 02:00:00,-0.7,976.7,19.7,116,52
2016-12-18 03:00:00,-0.6,976.9,21.5,130,49
2016-12-18 04:00:00,-0.5,977,21.1,130,50
2016-12-18 05:00:00,-0.5,977.1,19.2,125,55
2016-12-18 06:00:00,0.2,977.3,15.8,120,55
2016-12-18 07:00:00,0.9,977.2,17.9,115,53
2016-12-18 08:00:00,1.7,977.6,22.3,82,45
2016-12-18 09:00:00,2.2,977.6,22,93,45
2016-12-18 10:00:00,3.2,977.9,21.3,88,44
2016-12-18 11:00:00,4,977.9,21.6,67,41
2016-12-18 12:00:00,3.2,978,21.9,78,47
2016-12-18 13:00:00,2.8,978,18.5,76,50
2016-12-18 14:00:00,3.5,977.9,19.6,74,48
2016-12-18 15:00:00,3.4,977.9,19.3,72,50
2016-12-18 16:00:00,3.2,978.1,18.2,74,53
2016-12-18 17:00:00,2.6,978.1,18.2,96,52
2016-12-18 18:00:00,2.1,978.5,20.7,79,59
2016-12-18 19:00:00,1.5,978.7,17.8,69,67
2016-12-18 20:00:00,1.2,978.6,23.2,85,65
2016-12-18 21:00:00,0.6,978.7,18,116,69
2016-12-18 22:00:00,0.4,978.6,18.7,110,67
2016-12-18 23:00:00,0.2,978.7,17.2,102,66
2016-12-19 00:00:00,0.2,978.7,17.3,99,65
2016-12-19 01:00:00,-0.1,978.7,19.4,88,67
2016-12-19 02:00:00,-0.1,978.6,19,96,64
2016-12-19 03:00:00,-0.3,978.6,15.8,105,65
2016-12-19 04:00:00,-0.1,978.4,15.7,117,60
2016-12-19 05:00:00,0.2,978.4,18.1,75,54
2016-12-19 06:00:00,1,978.2,19.8,73,47
2016-12-19 07:00:00,2.2,978,19.5,84,45
2016-12-19 08:00:00,2.2,978,22.3,93,40
2016-12-19 09:00:00,3.5,977.9,16.4,85,43
2016-12-19 10:00:00,2.7,978.2,22.1,67,45
2016-12-19 11:00:00,2.1,978.8,20.8,80,48
2016-12-19 12:00:00,2.6,978.8,17.1,85,49
<div id="preview-all"><div class="button" onclick="Wb('T',1)">Show the full file...</div></div>